0.052413
0.112606
0.182138
0.300457
0.379509
0.714073
0.890176
1.208193
1.579276
2.004435
2.564818
3.277369
3.830788
5.045587
6.195803
7.690036
8.954188
10.493148
12.287838
13.170019
13.779699
18.668696
19.929832
24.518247
24.769390
31.088556
34.015666
0.050122
0.101017
0.171917
0.237296
0.421513
0.613995
0.855202
1.137313
1.523237
1.937262
2.391306
3.020589
3.690136
4.724049
5.751186
7.366498
7.753365
8.359726
9.956438
13.413460
13.608640
18.489156
21.428736
23.642433
22.739076
26.172965
31.040116
0.049844
0.098343
0.154427
0.238104
0.393272
0.611969
0.841511
1.178273
1.473055
1.919498
2.378622
3.061495
3.590102
4.734557
5.808146
7.065905
8.209479
9.155050
11.727403
12.589352
13.295345
15.443371
18.750939
23.386916
26.533533
27.172835
29.957092
