0.000112
0.000156
0.000219
0.000350
0.000401
0.000500
0.000802
0.000970
0.001105
0.001280
0.001477
0.001971
0.002466
0.002256
0.002520
0.002760
0.002985
0.003378
0.003722
0.004482
0.004488
0.003847
0.005669
0.004925
0.006394
0.006532
0.005782
0.002329
0.002055
0.001631
0.004731
0.007466
0.010738
0.010662
0.023085
0.028348
0.015563
0.036116
0.044617
0.046955
0.053254
0.067660
0.072341
0.086155
0.047692
0.092955
0.122524
0.103606
0.097550
0.074306
0.133208
0.153677
0.162096
0.120565
0.001847
0.003616
0.002129
0.005153
0.007868
0.007547
0.009423
0.019047
0.030114
0.032216
0.046043
0.026312
0.038669
0.047947
0.052039
0.067762
0.094097
0.071804
0.093346
0.084326
0.099276
0.105575
0.095985
0.113766
0.214814
0.128796
0.131004
0.000087
0.000130
0.000180
0.000233
0.000305
0.000549
0.000735
0.001040
0.000565
0.000723
0.001693
0.001919
0.001017
0.002436
0.001290
0.001458
0.001593
0.003253
0.002292
0.003205
0.002270
0.004599
0.004706
0.002836
0.003106
0.005280
0.006605
