0.052356
0.106940
0.180753
0.281209
0.494880
0.807473
1.041445
1.397527
1.818547
2.461668
3.076175
3.890268
4.397902
6.776626
8.428637
8.876220
10.188398
12.037560
16.520701
16.268843
16.457011
22.483656
23.886300
27.340298
30.044551
34.974933
40.121874
0.067544
0.128380
0.209589
0.325442
0.478753
0.733477
1.020660
1.394954
1.900821
2.636044
3.301341
4.197567
4.390168
6.206006
7.282119
8.828492
10.137742
12.119180
14.029482
16.084660
15.806528
21.081975
24.474594
27.190908
29.747755
35.291491
39.290140